1111111111112333333333333333333333333333333333321233333333333

1111111111233333333333333333333333333333333333332123333333333

1111111113333333333333333333333333333333333333333111233333333

1111111233333333333333333333333333333333333333333211123333333

1111112333333333333333333333333332111123333333333311112333333

1111123333333333333333333333333321111112333333333321111233333

1111133333333333333333333333333321111111233333333321111123333

1111233333333333333333333333333321111112333333333321111113333

1112333333333333333333333333333332211122333333333211111112333

1113333333333333333333333333333333333333333333333211111111233

1123333333333333333333333333333333333333333333332111111111233

1123333333333333333333333333333333333333333333321111111111133

1133333333333333333333333333333333333333333333211111111111133

1133333333333333333333333333333333333333333322111111111111123

1133333333333333332221111111222333333333332211111111111111123

1133333333333333211111111111111122222222111111111111111111123

1133333333333321111111111111111111111111111111111111111111123

1133333333332211111111111111111111111111111111111111111111133

1123333333322111111111111111111111111111111111111111111111133

1123333333321111111111111111111111111111111111111111111111233

1113333333211111111111111111111111111111111111111111111111333

1112333333211111111111122221111111111111111111111111111112333

1111233332111111111112333332111111111111111111111111111113333

1111133332111111111112333332111111111111111111111111111123333

1111123332111111111111333332111111111111111111111111111233333

1111112333211111111111122211111111111111111111111111112333333

1111111133211111111111111111111111111111111111111111123333333

1111111112321111111111111111111111111111111111111111233333333

1111111111221111111111111111111111111111111111111123333333333

1111111111112111111111111111111111111111111111111233333333333	
